2424
139.5
-67.5
13.5
264
39
1.5
39
438
163.5
-4.5
424.5
334.5
3
357
372
70.5
183
-54
139.5
153
186
493.5
114
-25.5
6
169.5
4.5
10.5
126
304.5
88.5
327
94.5
208.5
397.5
256.5
114
43.5
-3
409.5
256.5
301.5
-54
259.5
244.5
304.5
301.5
379.5
90
375
139.5
49.5
63
151.5
-10.5
348
30
343.5
328.5
192
115.5
286.5
31.5
232.5
172.5
16.5
373.5
141
262.5
282
118.5
24
228
453
90
87
87
21
96
-7.5
271.5
54
309
148.5
166.5
457.5
-13.5
-27
243
181.5
150
30
400.5
211.5
298.5
258
114
381
324
63
259.5
277.5
102
336
-46.5
447
328.5
198
211.5
-19.5
394.5
115.5
292.5
-30
40.5
334.5
138
259.5
58.5
135
405
-45
-45
357
489
54
256.5
282
252
244.5
87
432
19.5
318
45
22.5
294
106.5
222
82.5
465
132
-64.5
61.5
-6
150
-4.5
112.5
-9
279
157.5
294
417
94.5
-40.5
271.5
93
-69
379.5
456
276
205.5
70.5
141
277.5
84
135
127.5
358.5
442.5
328.5
208.5
58.5
4.5
165
-52.5
-49.5
163.5
3
51
-18
-52.5
405
118.5
316.5
76.5
192
15
144
3
274.5
201
-30
273
-13.5
76.5
88.5
273
324
292.5
13.5
12
183
-15
232.5
6
105
136.5
147
87
-31.5
162
114
69
-4.5
481.5
141
96
-69
-19.5
-55.5
355.5
399
99
183
-3
159
133.5
261
186
139.5
378
316.5
-7.5
165
408
-7.5
63
16.5
166.5
-40.5
261
141
376.5
331.5
376.5
370.5
216
192
124.5
87
88.5
351
207
178.5
394.5
399
427.5
304.5
16.5
231
207
15
183
93
91.5
309
216
-10.5
106.5
150
108
306
57
115.5
-21
-6
-37.5
96
378
36
340.5
-46.5
28.5
0
-15
130.5
186
-57
253.5
118.5
82.5
61.5
-69
190.5
-63
0
127.5
208.5
66
123
322.5
103.5
172.5
262.5
388.5
213
-10.5
384
235.5
6
147
67.5
96
-34.5
186
324
306
-15
76.5
103.5
46.5
328.5
237
141
205.5
-39
309
120
312
367.5
354
469.5
234
28.5
-12
-37.5
79.5
-64.5
360
283.5
76.5
376.5
402
300
213
246
310.5
385.5
16.5
249
361.5
108
126
169.5
147
264
189
337.5
283.5
102
-46.5
327
396
52.5
225
-49.5
295.5
246
237
46.5
280.5
415.5
99
318
292.5
315
139.5
351
184.5
307.5
165
171
402
108
171
312
82.5
397.5
34.5
1.5
129
274.5
-10.5
46.5
282
292.5
247.5
382.5
-7.5
130.5
69
229.5
126
187.5
-22.5
280.5
55.5
-12
303
-52.5
6
159
238.5
285
48
28.5
253.5
520.5
-15
-4.5
262.5
-24
325.5
13.5
51
-37.5
312
216
52.5
141
429
73.5
85.5
327
-30
409.5
270
268.5
229.5
225
357
343.5
178.5
190.5
202.5
-63
307.5
351
198
165
169.5
-57
165
261
355.5
187.5
348
175.5
118.5
163.5
61.5
364.5
60
-52.5
-69
130.5
451.5
189
175.5
282
217.5
235.5
120
105
129
234
291
237
318
223.5
315
283.5
322.5
-22.5
303
19.5
-15
508.5
160.5
148.5
277.5
21
-55.5
295.5
151.5
120
-19.5
-9
102
148.5
325.5
279
216
105
-13.5
31.5
229.5
336
397.5
118.5
96
106.5
214.5
67.5
211.5
211.5
213
214.5
304.5
183
-13.5
292.5
282
147
96
-6
-39
6
285
289.5
156
244.5
142.5
9
88.5
-6
40.5
444
460.5
24
-34.5
99
15
171
76.5
297
258
322.5
265.5
216
289.5
318
325.5
420
168
52.5
228
34.5
333
151.5
160.5
76.5
411
-24
102
13.5
490.5
24
213
198
-46.5
-21
106.5
58.5
-43.5
157.5
148.5
396
196.5
22.5
322.5
85.5
-6
148.5
-45
55.5
39
400.5
127.5
156
16.5
415.5
297
1.5
141
147
120
316.5
49.5
-9
229.5
-7.5
234
87
75
399
204
21
300
-60
37.5
264
412.5
412.5
202.5
-58.5
106.5
174
283.5
94.5
367.5
111
318
276
447
123
210
121.5
328.5
58.5
283.5
-52.5
-61.5
193.5
157.5
384
357
121.5
295.5
432
160.5
6
-13.5
18
4.5
-4.5
319.5
246
-4.5
-48
334.5
132
175.5
249
-37.5
330
73.5
217.5
69
142.5
13.5
3
199.5
-51
385.5
303
-52.5
270
262.5
148.5
264
6
190.5
184.5
103.5
138
315
-46.5
106.5
372
159
298.5
75
354
-12
300
208.5
379.5
147
216
126
312
60
235.5
82.5
6
252
145.5
66
258
319.5
1.5
-4.5
270
207
25.5
181.5
178.5
264
331.5
280.5
154.5
66
469.5
34.5
81
0
360
177
237
130.5
411
211.5
289.5
37.5
330
114
97.5
141
340.5
-7.5
441
177
-46.5
132
166.5
-10.5
208.5
153
369
240
213
258
376.5
394.5
321
370.5
-67.5
208.5
214.5
408
94.5
-28.5
-12
199.5
240
109.5
393
496.5
85.5
78
57
430.5
138
175.5
208.5
378
18
327
34.5
-58.5
1.5
126
222
111
160.5
36
-30
441
19.5
93
306
76.5
1.5
-16.5
342
301.5
55.5
45
354
1.5
229.5
301.5
132
336
12
138
115.5
111
87
-19.5
16.5
228
268.5
148.5
307.5
219
271.5
322.5
241.5
78
316.5
178.5
135
186
36
-33
270
-46.5
-52.5
112.5
367.5
187.5
-64.5
127.5
73.5
355.5
253.5
507
315
-55.5
255
61.5
141
-57
385.5
439.5
241.5
10.5
115.5
354
261
327
76.5
132
24
-9
57
103.5
295.5
24
133.5
346.5
40.5
-34.5
220.5
331.5
78
276
-15
51
-66
58.5
406.5
186
163.5
220.5
-66
46.5
130.5
-25.5
127.5
174
304.5
238.5
343.5
78
-9
222
0
43.5
262.5
303
300
225
229.5
52.5
312
274.5
43.5
304.5
75
108
88.5
-9
-16.5
415.5
307.5
174
183
252
310.5
489
159
-36
-15
247.5
315
178.5
322.5
306
168
375
150
199.5
343.5
-1.5
66
265.5
117
214.5
138
69
151.5
231
15
235.5
138
126
286.5
-24
192
93
58.5
475.5
228
204
-19.5
166.5
196.5
54
168
-21
324
282
249
415.5
295.5
15
235.5
-30
324
-27
-70.5
94.5
-6
168
-48
387
331.5
396
-1.5
43.5
516
-58.5
285
-46.5
297
334.5
205.5
36
276
51
93
-34.5
-37.5
250.5
358.5
246
-57
99
370.5
183
-31.5
-69
124.5
-30
310.5
373.5
334.5
-13.5
192
151.5
66
94.5
162
292.5
258
168
1.5
352.5
430.5
364.5
181.5
183
202.5
25.5
114
355.5
57
106.5
174
205.5
258
384
-1.5
103.5
276
373.5
345
118.5
124.5
69
129
-3
202.5
441
-70.5
94.5
264
139.5
217.5
505.5
139.5
198
124.5
184.5
-3
306
-1.5
55.5
195
202.5
198
243
288
268.5
144
-34.5
258
6
136.5
-4.5
115.5
220.5
390
-19.5
85.5
240
151.5
25.5
-69
301.5
115.5
453
19.5
16.5
-54
81
172.5
112.5
40.5
190.5
220.5
321
357
16.5
63
-4.5
213
16.5
-36
115.5
501
78
-37.5
199.5
1.5
168
-10.5
181.5
174
231
361.5
-7.5
60
229.5
-7.5
259.5
175.5
222
-66
417
336
78
232.5
-6
48
51
153
-70.5
-51
-46.5
271.5
331.5
141
51
348
49.5
198
-28.5
316.5
121.5
220.5
123
121.5
237
96
204
69
243
295.5
192
166.5
310.5
183
321
39
307.5
91.5
232.5
117
262.5
234
54
288
99
546
280.5
202.5
172.5
-42
340.5
393
46.5
304.5
88.5
-16.5
430.5
78
-54
325.5
289.5
289.5
262.5
145.5
-4.5
408
-7.5
94.5
154.5
369
303
6
229.5
184.5
192
55.5
21
199.5
258
354
121.5
162
393
9
348
132
103.5
328.5
366
7.5
127.5
-30
196.5
-45
157.5
264
174
9
196.5
-16.5
264
112.5
294
175.5
225
-7.5
193.5
75
-1.5
-33
88.5
37.5
-16.5
274.5
144
63
33
171
238.5
307.5
25.5
76.5
154.5
169.5
399
289.5
451.5
220.5
-27
-28.5
160.5
154.5
262.5
25.5
282
-49.5
426
289.5
-28.5
276
193.5
223.5
270
126
121.5
45
217.5
294
303
294
46.5
-4.5
-7.5
88.5
84
93
360
133.5
211.5
313.5
109.5
73.5
352.5
463.5
57
381
-70.5
231
-22.5
40.5
159
252
154.5
312
139.5
43.5
304.5
202.5
159
310.5
82.5
34.5
330
-61.5
78
181.5
151.5
177
301.5
133.5
88.5
180
-42
252
81
21
117
-30
103.5
9
235.5
399
-6
199.5
115.5
360
507
420
132
141
172.5
319.5
1.5
427.5
120
142.5
393
-51
174
189
303
189
264
339
348
250.5
96
0
24
145.5
285
-57
171
-9
-33
52.5
169.5
-28.5
57
201
124.5
-61.5
414
258
55.5
204
186
333
126
183
172.5
31.5
129
24
150
84
90
372
141
133.5
48
-1.5
82.5
24
133.5
183
327
307.5
202.5
153
435
222
66
148.5
267
145.5
135
228
33
-12
-6
87
69
223.5
15
21
337.5
49.5
73.5
147
196.5
-40.5
75
273
211.5
-30
267
-34.5
51
190.5
366
388.5
189
145.5
370.5
76.5
88.5
397.5
207
-3
48
25.5
250.5
45
129
336
363
151.5
-49.5
54
369
213
280.5
463.5
163.5
-4.5
244.5
111
178.5
-28.5
18
70.5
507
111
105
15
46.5
24
-33
-1.5
429
121.5
220.5
24
3
-49.5
181.5
244.5
174
255
-21
-21
76.5
363
85.5
304.5
393
360
-25.5
195
-1.5
52.5
36
97.5
243
42
31.5
84
322.5
-40.5
169.5
96
265.5
310.5
271.5
265.5
267
156
-13.5
115.5
381
1.5
10.5
193.5
120
175.5
250.5
238.5
105
-33
420
9
339
216
-12
163.5
394.5
-70.5
96
345
307.5
298.5
-3
261
276
241.5
292.5
381
117
124.5
-18
222
69
-9
112.5
147
25.5
87
9
436.5
426
571.5
199.5
196.5
15
37.5
-54
303
12
303
216
15
358.5
27
-3
184.5
-39
-40.5
216
37.5
351
226.5
402
160.5
220.5
211.5
346.5
1.5
36
249
217.5
205.5
234
160.5
177
37.5
411
-25.5
-43.5
118.5
355.5
427.5
421.5
66
133.5
31.5
78
73.5
162
259.5
456
349.5
144
13.5
195
-22.5
333
303
91.5
-25.5
49.5
19.5
208.5
199.5
207
331.5
64.5
24
81
69
363
271.5
-13.5
294
274.5
291
18
36
43.5
97.5
355.5
288
-52.5
151.5
241.5
276
424.5
279
166.5
148.5
255
-30
135
-25.5
264
27
445.5
93
-10.5
247.5
397.5
202.5
-51
210
1.5
-27
169.5
16.5
37.5
171
432
9
249
43.5
159
234
418.5
69
151.5
169.5
67.5
288
325.5
394.5
187.5
228
129
55.5
348
6
55.5
394.5
148.5
124.5
69
393
300
18
234
19.5
67.5
286.5
207
229.5
39
-28.5
222
201
-7.5
4.5
390
363
-69
84
216
157.5
63
147
246
106.5
136.5
250.5
411
6
-3
379.5
328.5
310.5
28.5
363
268.5
49.5
337.5
-15
189
168
-3
282
177
126
145.5
232.5
280.5
379.5
-9
43.5
159
247.5
280.5
232.5
205.5
234
202.5
450
271.5
187.5
-16.5
279
7.5
84
295.5
61.5
372
-6
264
256.5
133.5
-54
108
-12
-24
-3
-7.5
-63
328.5
135
-21
306
66
34.5
195
3
123
133.5
372
-57
393
298.5
244.5
-42
262.5
172.5
193.5
39
190.5
312
-21
201
282
64.5
228
9
403.5
363
-18
-3
-40.5
478.5
186
124.5
-18
39
57
271.5
340.5
240
177
454.5
114
-39
436.5
54
138
135
277.5
45
246
85.5
151.5
24
25.5
60
115.5
102
130.5
195
304.5
348
198
27
25.5
57
-37.5
-13.5
160.5
412.5
355.5
124.5
10.5
-1.5
-4.5
-4.5
336
31.5
109.5
279
232.5
268.5
244.5
198
180
430.5
66
282
118.5
147
90
69
147
69
94.5
-46.5
147
210
81
160.5
195
76.5
12
297
112.5
-6
85.5
1.5
69
357
241.5
265.5
58.5
219
78
268.5
268.5
124.5
309
325.5
169.5
421.5
193.5
214.5
340.5
-55.5
91.5
240
135
150
159
42
342
310.5
195
309
-67.5
423
126
-57
43.5
381
202.5
412.5
-1.5
1.5
-10.5
174
-34.5
-25.5
123
226.5
276
135
199.5
280.5
313.5
25.5
105
27
394.5
37.5
381
34.5
193.5
367.5
60
250.5
259.5
57
375
90
0
274.5
444
465
-42
100.5
265.5
-66
160.5
264
267
319.5
105
97.5
466.5
10.5
57
256.5
60
-69
121.5
195
174
21
339
139.5
229.5
354
69
24
-27
-13.5
28.5
397.5
210
171
94.5
28.5
274.5
357
213
7.5
421.5
202.5
-19.5
15
225
244.5
313.5
222
22.5
315
291
-16.5
-15
103.5
267
109.5
79.5
-48
109.5
13.5
184.5
-49.5
169.5
-67.5
175.5
105
162
330
354
220.5
-39
331.5
309
141
172.5
417
-16.5
54
99
-63
336
321
148.5
343.5
166.5
274.5
-40.5
13.5
322.5
96
34.5
357
346.5
94.5
75
-9
-36
85.5
336
198
337.5
24
369
424.5
10.5
433.5
160.5
85.5
46.5
246
129
64.5
324
49.5
105
82.5
274.5
111
-33
-15
291
319.5
42
160.5
0
18
-12
441
19.5
271.5
207
205.5
151.5
193.5
262.5
37.5
127.5
465
241.5
241.5
-16.5
276
238.5
153
336
-52.5
63
-70.5
36
177
331.5
414
108
295.5
274.5
262.5
94.5
363
232.5
204
135
82.5
367.5
313.5
85.5
207
217.5
181.5
523.5
289.5
-43.5
325.5
-6
34.5
22.5
78
238.5
520.5
4.5
69
288
193.5
43.5
267
325.5
234
295.5
4.5
21
225
-31.5
327
154.5
130.5
472.5
22.5
13.5
-16.5
147
378
333
99
352.5
321
-3
222
336
87
34.5
397.5
327
105
472.5
220.5
198
-21
405
304.5
1.5
267
142.5
142.5
141
61.5
-51
33
345
172.5
232.5
382.5
192
73.5
67.5
268.5
-3
306
244.5
292.5
124.5
69
-27
337.5
234
16.5
270
70.5
246
399
184.5
121.5
43.5
309
475.5
144
240
142.5
159
22.5
300
96
204
205.5
-51
258
225
55.5
103.5
192
222
-61.5
313.5
342
121.5
34.5
66
294
390
85.5
247.5
-12
135
148.5
-10.5
379.5
267
24
258
247.5
42
355.5
100.5
189
162
91.5
193.5
295.5
-45
117
153
60
291
418.5
99
99
39
297
100.5
129
33
234
330
78
-66
339
52.5
-31.5
258
-49.5
145.5
43.5
-70.5
313.5
324
334.5
-12
195
343.5
67.5
129
172.5
91.5
336
-24
192
198
-45
174
40.5
6
1.5
18
36
46.5
327
-19.5
12
133.5
246
-40.5
373.5
243
178.5
-51
42
-27
-7.5
289.5
4.5
397.5
60
105
394.5
397.5
102
-13.5
276
132
-37.5
381
474
93
126
-34.5
10.5
67.5
88.5
-6
96
64.5
363
87
145.5
324
201
171
147
322.5
-19.5
150
67.5
145.5
85.5
222
166.5
46.5
181.5
297
139.5
39
468
70.5
151.5
244.5
480
-12
219
-36
39
-57
136.5
340.5
403.5
250.5
-1.5
160.5
150
183
81
55.5
61.5
265.5
-36
96
361.5
384
57
247.5
226.5
265.5
-19.5
66
132
-27
274.5
519
310.5
351
273
105
205.5
358.5
408
342
187.5
127.5
246
193.5
-10.5
421.5
39
192
211.5
228
277.5
100.5
268.5
67.5
357
286.5
310.5
286.5
484.5
294
247.5
18
121.5
156
226.5
223.5
169.5
142.5
55.5
180
279
375
174
-28.5
69
81
189
219
48
52.5
87
-63
69
523.5
27
226.5
357
-1.5
33
9
298.5
66
-4.5
148.5
-15
297
211.5
36
313.5
117
345
-3
93
141
301.5
126
126
217.5

